-0.00095378
-0.000244765
0.00338902
0.00264729
-0.00587776
-0.0091223
0.00432845
0.0179872
0.00522296
-0.0233532
-0.0228093
0.0175979
0.0422184
0.00386707
-0.0521755
-0.0380334
0.0412705
0.0728513
-0.00468957
-0.090621
-0.0506473
0.0755849
0.105785
-0.0226695
-0.135598
-0.0568926
0.119231
0.136566
-0.05092
-0.183009
-0.053902
0.169469
0.16095
-0.0887626
-0.228237
-0.0400864
0.222436
0.175436
-0.134039
-0.266706
-0.0153567
0.27359
0.177703
-0.183352
-0.294433
0.0188474
0.31826
0.166903
-0.232464
-0.308513
0.059726
0.352201
0.143763
-0.276811
-0.307467
0.103463
0.372113
0.110488
-0.312065
-0.291415
