0.00211947
0.426463
0.242357
-0.283734
-0.401718
0.0502696
0.423606
0.191963
-0.305114
-0.360552
0.0923164
0.402097
0.13811
-0.30995
-0.307668
0.124087
0.36403
0.0860109
-0.297843
-0.248127
0.142733
0.313127
0.0403434
-0.270267
-0.18736
0.147086
0.254284
0.00467686
-0.230393
-0.130507
0.137809
0.192979
-0.0189604
-0.182711
-0.0818015
0.117305
0.134618
-0.0303116
-0.132474
-0.0440747
0.0894097
0.0838848
-0.0308924
-0.0850632
-0.0184436
0.0588977
0.0441968
-0.0237626
-0.045322
-0.00422297
0.0308688
0.0173184
-0.0130986
-0.0169722
0.000930511
0.0100909
0.00319097
-0.00361962
-0.00216635
0.000660628
